15.0 25
20.0 28
25.0 32
26.5 48
27.0 95
27.2 180
27.4 280
27.6 420
27.8 520
28.0 480
28.2 380
28.4 250
28.6 150
29.0 85
30.0 65
32.0 52
34.0 48
35.8 68
36.0 120
36.2 200
36.4 280
36.6 240
36.8 180
37.0 120
37.5 78
38.0 65
39.0 58
40.0 52
41.0 48
42.0 45
42.8 55
43.0 78
43.2 110
43.4 95
43.6 75
44.0 62
45.0 55
46.0 52
47.0 48
48.0 45
49.0 42
50.0 45
54.0 48
54.2 65
54.4 85
54.6 78
54.8 68
55.0 58
56.0 52
57.0 48
58.0 45
59.0 42
60.0 45
62.0 48
62.2 68
62.4 85
62.6 78
62.8 65
63.0 55
64.0 48
65.0 45
66.0 42
68.0 48
69.0 55
69.2 78
69.4 95
69.6 85
69.8 68
70.0 55
72.0 48
75.0 45
78.0 42
80.0 45
