15.0 12
20.0 15
25.0 18
30.0 22
35.0 28
38.5 45
39.0 180
39.2 340
39.4 520
39.6 780
39.8 950
40.0 1000
40.2 920
40.4 730
40.6 480
40.8 280
41.0 150
41.5 65
42.0 45
43.0 38
45.0 42
46.0 48
46.2 85
46.4 150
46.6 240
46.8 380
47.0 420
47.2 380
47.4 280
47.6 180
47.8 110
48.0 75
48.5 58
50.0 52
55.0 48
60.0 45
65.0 42
67.5 55
67.7 95
67.9 160
68.1 240
68.3 310
68.5 280
68.7 220
68.9 150
69.1 95
69.5 65
70.0 55
75.0 48
80.0 45
81.5 65
81.7 110
81.9 180
82.1 220
82.3 190
82.5 140
82.7 95
82.9 68
83.5 52
85.0 48
90.0 45
